Word weights for each target 


 Top words for science

[('google', 3.3806171077056035, -1.8520807473977823, -0.8470126335235565, -1.4201851632249316), ('species', 3.481666121450738, -1.0101555264938824, -1.4602457085052376, -1.4485119620564642), ('users', 3.506939971402342, -1.5700060776569316, -0.9917610894032304, -2.0196104037518565), ('yahoo', 3.5121602996556867, -0.9976348363806009, -0.7609450174736174, -2.3249001909892653), ('com', 3.8820161283539254, -1.183625612860688, -1.4879508027714576, -2.232244733357329), ('spam', 3.972168457677942, -1.0727733297791877, -1.4066265251158172, -2.0060454022400105), ('science', 4.04444570749366, -1.5425849797397961, -1.9053359571307065, -1.1340984147582116), ('researchers', 4.05786922344495, -1.9687480160049788, -1.202840864439197, -1.6139494799350396), ('technology', 4.062348715831956, -2.748960153352332, -2.1380082191528675, -1.465893729288647), ('online', 4.518973299656915, -1.9640623949180216, -2.9222851858448067, -2.260872120705763), ('computer', 4.626693386608386, -2.822156192718535, -2.6228157572312734, -1.7111071896918169), ('web', 4.745638967544518, -1.9446608736480804, -2.4834218767767795, -2.221264044552927), ('linux', 4.872547624706157, -1.2932127419463535, -1.3879461904583263, -3.1421067379133873), ('microsoft', 4.911129894909927, -2.72851093190304, -2.9474767732034666, -1.4977657008757352), ('apple', 5.113209953357898, -1.720553063160126, -1.1701306136808767, -2.95870908114212), ('scientists', 5.6766096242213635, -2.425312806504584, -1.9949952485330065, -2.394615210673495), ('software', 5.705633181616659, -2.4168197625841534, -2.9241777332367107, -3.1119615365119193), ('nasa', 5.764615193308309, -1.866565631727219, -2.023199464689805, -2.7447371639698748), ('internet', 5.915985856455629, -2.34879964625664, -4.069971939042071, -2.6800231208093757), ('space', 6.844760126721097, -2.9832125770113915, -3.2918073662331215, -2.5519663337515945)]

 Worst words for science

[('hellip', -4.4138245990215275, -0.18035921807898664, -0.37860890006577663, 4.436972176104999), ('yesterday', -3.2048138654374405, 1.619027118359428, -0.10464901224938271, 1.6767694439825684), ('iraq', -2.97434814150348, -2.636184129807215, 5.775281995397393, -2.467245367099353), ('football', -2.8483892518856933, 6.035268820605853, -2.649109175697738, -2.0214661687234257), ('stocks', -2.8183919487913474, -1.2732208852893838, -0.22608870533979816, 2.82457489487361), ('coach', -2.8016217538483645, 6.234801855972897, -2.6783046700459012, -2.2484500378346755), ('oracle 39', -2.753293920574733, -0.45071500898635025, -0.12408078433174882, 3.1924952003474267), ('boston', -2.5279732654826006, 0.7440361931828355, -0.6998653170727449, 1.8702512660404262), ('york', -2.4959630016094234, 0.36084696587860027, 0.5734182305371127, 0.7073972187291345), ('economic', -2.4541357214922126, -1.5766681134182228, -0.6679204061748267, 3.7441460796231705), ('investors', -2.450359610277622, -1.995955863470637, -0.08670558589515757, 3.6151492411710078), ('new york', -2.407812368078588, 0.18875238788059795, 0.5569900709112877, 0.7158955345550891), ('baseball', -2.3722554196136936, 5.553585010924495, -1.731986546808857, -2.382032283318359), ('drug', -2.344334032011988, 0.012020827485478608, -0.35881311464392807, 2.5767542962022008), ('oil', -2.3436854946088648, -1.957760076227159, -1.6907150112366514, 4.027505212414667), ('hellip and', -2.3372065151616117, -0.0904414921678009, -0.1898541933962183, 2.335503092554202), ('internet search', -2.29463371137166, -0.021648704276384156, 0.5232846968993999, 0.7499110968467602), ('nuclear', -2.28549024332728, -1.7470300924857134, 5.141489868351278, -2.4990154179276107), ('president', -2.257541935482629, -3.4666945093918335, 5.01152296815513, -0.8945868001447355), ('sunday', -2.2454746256058367, 1.7277332725554142, 0.8120857371729501, -1.2882908230635624)]

 Top words for sports

[('champion', -1.5634104961174753, 3.40059458819221, -1.2710208919692627, -1.2338460828850024), ('quarterback', -1.94806758051487, 3.534654531369398, -1.152792642565655, -1.2895129103557397), ('championship', -1.8156007084364332, 3.6181491419302074, -1.129508131360639, -1.9100452258674543), ('nhl', -1.5107094747845637, 3.6228660654737332, -1.250552804792872, -1.3673051607335915), ('nascar', -1.3297013181039956, 3.704993385604148, -1.5718404568058912, -1.2294483258709876), ('basketball', -1.8561577905903535, 3.7828375560136713, -1.8028596472820269, -0.8208373677717015), ('players', -0.7281365645958209, 3.9809079171810846, -2.278164351166105, -2.195053421988274), ('olympics', -1.4868527028292962, 4.010989635203731, -2.1690439734351514, -1.6020077974352223), ('teams', -1.8533784753664508, 4.049177993585239, -0.8152757227085671, -1.5691502303183338), ('cricket', -1.260810410999512, 4.3328200269621036, -2.1465581298630863, -2.066604207618208), ('league', -1.9595799116350798, 4.3477096974991065, -1.4948039032332412, -2.492145825194798), ('stadium', -2.2060236970209335, 4.380274028607339, -1.7668461188976106, -1.4939087109017641), ('season', -2.209928387327593, 4.39690465467905, -2.0784931658985544, -1.489459971218229), ('sports', -1.740608157186197, 4.770024911468152, -2.108457633940194, -1.8288245268508014), ('olympic', -2.0791839503548464, 5.116659415442239, -2.158777656839882, -2.260504156824266), ('team', -1.6405051262272852, 5.139474064859562, -2.060777935097424, -2.8619819966327236), ('cup', -2.206598938847849, 5.498340753218615, -2.7114866073849786, -2.1003979550839795), ('baseball', -2.3722554196136936, 5.553585010924495, -1.731986546808857, -2.382032283318359), ('football', -2.8483892518856933, 6.035268820605853, -2.649109175697738, -2.0214661687234257), ('coach', -2.8016217538483645, 6.234801855972897, -2.6783046700459012, -2.2484500378346755)]

 Worst words for sports

[('afp', -1.8348305130798814, -5.304154487377642, 7.834795985833188, -5.342577880887729), ('president', -2.257541935482629, -3.4666945093918335, 5.01152296815513, -0.8945868001447355), ('company', 0.6484768966509614, -3.122681504301076, -2.312296769726135, 2.5236557516655282), ('space', 6.844760126721097, -2.9832125770113915, -3.2918073662331215, -2.5519663337515945), ('athens greece', -0.23757544693206523, -2.9290319488103704, 2.8398899313721935, -0.2715761663443054), ('computer', 4.626693386608386, -2.822156192718535, -2.6228157572312734, -1.7111071896918169), ('technology', 4.062348715831956, -2.748960153352332, -2.1380082191528675, -1.465893729288647), ('microsoft', 4.911129894909927, -2.72851093190304, -2.9474767732034666, -1.4977657008757352), ('presidential', -0.4236652227206909, -2.6813585121321433, 2.4368224942827537, -0.3517831543921081), ('music', 3.3115513503909533, -2.6396733056692714, -0.38795752308435716, -1.6928407944686865), ('iraq', -2.97434814150348, -2.636184129807215, 5.775281995397393, -2.467245367099353), ('election', -0.9532404281743032, -2.5727667582990175, 3.1755636362135973, -0.6088744684171962), ('government', -0.5269990647701475, -2.486188283705603, 1.9140106477288565, 0.17696499296856918), ('market', 0.5477741023714042, -2.4638799185636935, -1.5122631309919154, 1.618922014074011), ('minister', -1.2560062688945643, -2.4569411126147065, 3.4776561110568043, -1.1344162468853194), ('video', 3.270559222755793, -2.4374415252206476, -0.6968813577789575, -1.3155477039231755), ('scientists', 5.6766096242213635, -2.425312806504584, -1.9949952485330065, -2.394615210673495), ('industry', 1.478450304616229, -2.4199064541567252, -2.162623116875021, 1.4596981457710823), ('software', 5.705633181616659, -2.4168197625841534, -2.9241777332367107, -3.1119615365119193), ('internet', 5.915985856455629, -2.34879964625664, -4.069971939042071, -2.6800231208093757)]

 Top words for world

[('prince', -1.0066084715948056, -1.3915185113657043, 3.3407819450693936, -1.0594886296740569), ('minister', -1.2560062688945643, -2.4569411126147065, 3.4776561110568043, -1.1344162468853194), ('arafat', -1.15547275099785, -1.8130375352019479, 3.477944829175964, -0.908458694217007), ('un', -1.2560566306473753, -1.46415645202679, 3.4828456514185984, -1.816833473268558), ('afghanistan', -1.5632447747727232, -0.9345977924794221, 3.5594382724585305, -1.7375604822580692), ('terrorism', -1.5957762263696686, -1.2365426889510467, 3.6614216612750345, -1.7830285780144066), ('israel', -1.4465537623818023, -1.1184188131511748, 3.663674489339465, -1.6827651316655263), ('peace', -1.8102761278069803, -1.1646886218071542, 3.6835156469948567, -1.3237848785351363), ('troops', -1.4253821299657383, -1.2643099573290792, 3.7695971037409266, -1.7407402179083793), ('iran', -2.1460146989837896, -1.1781003223157973, 4.02583954422874, -1.6249402388331033), ('palestinian', -1.8119952518809972, -1.4510214118155493, 4.222333672529581, -1.453032980916496), ('elections', -1.8482303725856506, -1.8084924576901105, 4.231175682630124, -1.454082648976146), ('york stocks', 0.0, -0.03057256356139457, 4.436501173612929, -4.675059276490435), ('iraqi', -2.1578012823408788, -2.0081340410526947, 4.514174142256337, -1.7192985445880746), ('military', -1.6483912450420155, -1.8796787831896025, 4.791812934667069, -2.457606590384202), ('president', -2.257541935482629, -3.4666945093918335, 5.01152296815513, -0.8945868001447355), ('nuclear', -2.28549024332728, -1.7470300924857134, 5.141489868351278, -2.4990154179276107), ('iraq', -2.97434814150348, -2.636184129807215, 5.775281995397393, -2.467245367099353), ('canadian press', -1.7596995561269722, -1.928161948474987, 5.883247929435035, -3.389442542500075), ('afp', -1.8348305130798814, -5.304154487377642, 7.834795985833188, -5.342577880887729)]

 Worst words for world

[('internet', 5.915985856455629, -2.34879964625664, -4.069971939042071, -2.6800231208093757), ('space', 6.844760126721097, -2.9832125770113915, -3.2918073662331215, -2.5519663337515945), ('microsoft', 4.911129894909927, -2.72851093190304, -2.9474767732034666, -1.4977657008757352), ('software', 5.705633181616659, -2.4168197625841534, -2.9241777332367107, -3.1119615365119193), ('online', 4.518973299656915, -1.9640623949180216, -2.9222851858448067, -2.260872120705763), ('cup', -2.206598938847849, 5.498340753218615, -2.7114866073849786, -2.1003979550839795), ('coach', -2.8016217538483645, 6.234801855972897, -2.6783046700459012, -2.2484500378346755), ('football', -2.8483892518856933, 6.035268820605853, -2.649109175697738, -2.0214661687234257), ('computer', 4.626693386608386, -2.822156192718535, -2.6228157572312734, -1.7111071896918169), ('game', 0.9241025378209725, 2.7070056349549514, -2.587306740143971, -2.8802137418949125), ('york reuters', -1.3325100221184436, 0.5143783356989622, -2.5617222538310847, 3.0803374161637445), ('investment', -1.3773687004076842, -0.9449105135613066, -2.5165281687724543, 3.9592076591391203), ('web', 4.745638967544518, -1.9446608736480804, -2.4834218767767795, -2.221264044552927), ('company', 0.6484768966509614, -3.122681504301076, -2.312296769726135, 2.5236557516655282), ('39', -1.8432661977471732, 2.606380566135199, -2.305094328363106, 1.3157739082717508), ('players', -0.7281365645958209, 3.9809079171810846, -2.278164351166105, -2.195053421988274), ('tax', -2.23487739980997, -1.318707059961333, -2.2686200081019527, 4.731292708995168), ('olympics', -1.4868527028292962, 4.010989635203731, -2.1690439734351514, -1.6020077974352223), ('industry', 1.478450304616229, -2.4199064541567252, -2.162623116875021, 1.4596981457710823), ('olympic', -2.0791839503548464, 5.116659415442239, -2.158777656839882, -2.260504156824266)]

 Top words for business

[('yukos', -0.8935654512497742, -0.47284205330850254, -1.8060903091353824, 3.217361565807378), ('airline', -1.45697958490117, -1.404537094461362, -1.217181625262642, 3.22194395272233), ('martha stewart', -1.1720261175041602, -1.1818099571126495, -1.1158669756036579, 3.2900181903558154), ('martha', -0.8606321008379351, -1.1084682885967096, -1.3283794025792661, 3.2972555367465626), ('retailer', -0.9374550632814741, -1.3370811419118682, -1.0584710554191676, 3.3807408117120663), ('profits', -1.5579025759216445, -1.3016735541035138, -0.8223417563172737, 3.502908624997743), ('amp', -1.573594879694674, -0.9853651868814542, -1.6406977179953843, 3.557217470249261), ('prices', -1.5659533838251787, -1.568336685302709, -2.117156233801397, 3.5939926485034244), ('investors', -2.450359610277622, -1.995955863470637, -0.08670558589515757, 3.6151492411710078), ('economic', -2.4541357214922126, -1.5766681134182228, -0.6679204061748267, 3.7441460796231705), ('enron', -1.3708422837087257, -1.266314506341633, -1.1601344764561283, 3.7532623156615625), ('stock', -1.7233411822663869, -1.3848644719792846, -1.8475511064783119, 3.8077252208853007), ('economy', -2.085724090767621, -1.43705083045924, -1.2286227515648884, 3.8829342679746217), ('investment', -1.3773687004076842, -0.9449105135613066, -2.5165281687724543, 3.9592076591391203), ('oil', -2.3436854946088648, -1.957760076227159, -1.6907150112366514, 4.027505212414667), ('insurance', -2.2421191471988586, -1.351183642422792, -1.3485400377648595, 4.182301876096112), ('bank', -2.059720097371164, -1.8199761372883794, -1.5744962735904688, 4.21384541241558), ('hellip', -4.4138245990215275, -0.18035921807898664, -0.37860890006577663, 4.436972176104999), ('airlines', -2.2295502896282158, -1.5614643460191586, -1.4731180641368493, 4.550230529129742), ('tax', -2.23487739980997, -1.318707059961333, -2.2686200081019527, 4.731292708995168)]

 Worst words for business

[('ap', 1.7630134152376982, 1.8343560783986623, 2.229704844558143, -12.221529716864245), ('afp', -1.8348305130798814, -5.304154487377642, 7.834795985833188, -5.342577880887729), ('york stocks', 0.0, -0.03057256356139457, 4.436501173612929, -4.675059276490435), ('canadian press', -1.7596995561269722, -1.928161948474987, 5.883247929435035, -3.389442542500075), ('linux', 4.872547624706157, -1.2932127419463535, -1.3879461904583263, -3.1421067379133873), ('software', 5.705633181616659, -2.4168197625841534, -2.9241777332367107, -3.1119615365119193), ('36', 1.8090540979722984, 0.19803163718487157, 1.2400701003661125, -3.0484012104960088), ('washingtonpost com', 3.0880095640543406, -0.5274366711610801, -0.4069711835505283, -3.0067929283880703), ('apple', 5.113209953357898, -1.720553063160126, -1.1701306136808767, -2.95870908114212), ('washingtonpost', 3.005822984073505, -0.5274366711610801, -0.4069711835505283, -2.9246063484072344), ('game', 0.9241025378209725, 2.7070056349549514, -2.587306740143971, -2.8802137418949125), ('team', -1.6405051262272852, 5.139474064859562, -2.060777935097424, -2.8619819966327236), ('nasa', 5.764615193308309, -1.866565631727219, -2.023199464689805, -2.7447371639698748), ('newsfactor', 2.8948309474514, -0.22039558644358087, -0.3373359009194845, -2.719162547435811), ('internet', 5.915985856455629, -2.34879964625664, -4.069971939042071, -2.6800231208093757), ('space', 6.844760126721097, -2.9832125770113915, -3.2918073662331215, -2.5519663337515945), ('nuclear', -2.28549024332728, -1.7470300924857134, 5.141489868351278, -2.4990154179276107), ('league', -1.9595799116350798, 4.3477096974991065, -1.4948039032332412, -2.492145825194798), ('iraq', -2.97434814150348, -2.636184129807215, 5.775281995397393, -2.467245367099353), ('military', -1.6483912450420155, -1.8796787831896025, 4.791812934667069, -2.457606590384202)]
